   1   2.94327840
   2   3.02298627
   3   3.06820277
   4   3.04868997
   5   2.91220854
   6   3.02221607
   7   2.93587400
   8   3.01243399
   9   3.06218133
  10   2.93869314
  11   2.86410905
  12   2.96082685
  13   2.96084983
  14   3.11130825
  15   3.15197558
  16   3.12292530
  17   3.02508660
  18   2.92504294
  19   2.93090371
  20   2.88727537
  21   3.05686003
  22   3.03417116
  23   3.03211859
  24   2.92044973
  25   3.04794532
  26   2.96876201
  27   3.16473146
  28   2.98902164
  29   2.99553084
  30   3.16627853
  31   2.99565091
  32   3.06045483
  33   3.06389745
  34   2.98738142
  35   3.08464140
  36   3.12293741
  37   3.11746443
  38   3.01176640
  39   2.97005182
  40   3.18574680
  41   3.15978489
  42   2.93302156
  43   2.95859116
  44   3.10251141
  45   2.94960230
  46   3.02526228
  47   3.14772005
  48   3.06550785
  49   3.07320128
  50   3.17344526
  51   3.16350229
  52   2.95499315
  53   3.00350587
  54   2.93419393
  55   2.98052319
  56   3.00562695
  57   3.08435742
  58   3.05725032
  59   3.19037971
  60   3.00693396
  61   3.08226051
  62   3.09055672
  63   3.02362922
  64   3.07342634
  65   3.03359549
  66   3.16830390
  67   3.08200018
  68   3.03497459
  69   3.17695720
  70   3.10416356
  71   3.02883597
  72   3.15518664
  73   3.12596180
  74   3.04233530
  75   3.00119628
  76   3.21731006
  77   3.08506418
  78   3.14611260
  79   3.10796540
  80   3.05009292
  81   3.00823359
  82   3.12481200
  83   3.10645597
  84   3.01151870
  85   3.15845181
  86   3.22985660
  87   3.14804627
  88   3.18271053
  89   3.03093484
  90   2.98310589
  91   3.06885324
  92   3.24890926
  93   3.14991065
  94   3.13524231
  95   3.16275729
  96   2.99842010
  97   3.21203766
  98   3.19800061
  99   3.08740288
 100   2.99065801
 101   3.04813730
 102   3.11657970
 103   3.01449216
 104   3.12546338
 105   2.99451428
 106   3.10013143
 107   3.20172099
 108   3.21491498
 109   3.14915885
 110   3.02493630
 111   3.27098896
 112   3.05023933
 113   3.15157363
 114   3.05141169
 115   3.03204896
 116   3.13775894
 117   3.05859411
 118   3.10957779
 119   3.11502121
 120   3.09317467
 121   3.18477929
 122   3.06930852
 123   2.97515617
 124   3.22356755
 125   3.11607637
 126   3.10897481
 127   3.14347148
 128   3.12812621
 129   3.02714564
 130   3.09246513
 131   3.23878626
 132   2.96317063
 133   3.22157922
 134   3.02582652
 135   3.02138823
 136   3.04946398
 137   3.26882281
 138   2.97345935
 139   3.16799527
 140   3.21371840
 141   3.18080129
 142   3.21617641
 143   3.10074884
 144   3.21097833
 145   3.06443953
 146   3.19228331
 147   3.14088099
 148   3.28813963
 149   2.98641131
 150   3.04357505
 151   3.13197490
 152   3.03129738
 153   3.20416419
 154   3.12254815
 155   3.10923752
 156   3.27446896
 157   3.00311988
 158   3.12294417
 159   3.29187775
 160   3.03749999
 161   3.06007635
 162   3.10748107
 163   3.25644548
 164   3.00303392
 165   3.22507100
 166   3.21693632
 167   3.16269418
 168   3.20568651
 169   3.08910986
 170   3.03680237
 171   3.16553270
 172   3.17674225
 173   3.06074714
 174   3.06258057
 175   3.28623052
 176   3.23418492
 177   3.23664712
 178   3.06577683
 179   3.07041750
 180   3.10215114
 181   3.12195461
 182   3.27343657
 183   3.30823313
 184   3.31475658
 185   3.19140380
 186   3.21543663
 187   3.26028131
 188   3.11649113
 189   3.06438537
 190   3.23153800
 191   3.29174340
 192   3.15202402
 193   3.26608689
 194   3.31232901
 195   3.18136080
 196   3.32681735
 197   3.24908290
 198   3.21021231
 199   3.32707652
 200   3.22829145
 201   3.15801365
 202   3.32485119
 203   3.31184233
 204   3.23888100
 205   3.23562242
 206   3.29938199
 207   3.10675682
 208   3.29265851
 209   3.25055255
 210   3.18815082
 211   3.14100106
 212   3.23941504
 213   3.12750851
 214   3.20510872
 215   3.28716855
 216   3.06965558
 217   3.31136118
 218   3.18079660
 219   3.28876961
 220   3.27234588
 221   3.35623178
 222   3.30632533
 223   3.24791884
 224   3.28440182
 225   3.23184266
 226   3.25963797
 227   3.14782908
 228   3.11145867
 229   3.14139346
 230   3.13317927
 231   3.12047414
 232   3.28759259
 233   3.30413569
 234   3.22460968
 235   3.20514302
 236   3.18748365
 237   3.28230608
 238   3.09850739
 239   3.12083059
 240   3.33813405
 241   3.27178857
 242   3.42377875
 243   3.22439042
 244   3.21444799
 245   3.05545641
 246   3.32841421
 247   3.33044460
 248   3.20722426
 249   3.14114833
 250   3.21969810
 251   3.30690232
 252   3.11018438
 253   3.19374595
 254   3.19097374
 255   3.27139343
 256   3.29684706
 257   3.14821238
 258   3.30466393
 259   3.19210190
 260   3.34918538
 261   3.27876278
 262   3.16899897
 263   3.39852051
 264   3.31518492
 265   3.18331251
 266   3.20102885
 267   3.28067620
 268   3.37499730
 269   3.29351142
 270   3.18735344
 271   3.35455592
 272   3.31689079
 273   3.22175555
 274   3.40901804
 275   3.31929300
 276   3.21319695
 277   3.13907136
 278   3.28078237
 279   3.42338435
 280   3.29006202
 281   3.35269548
 282   3.22969547
 283   3.16215095
 284   3.15012911
 285   3.41260330
 286   3.27121513
 287   3.14821512
 288   3.18466121
 289   3.32467028
 290   3.26149620
 291   3.26615665
 292   3.41155987
 293   3.37589650
 294   3.14377146
 295   3.25810547
 296   3.33636860
 297   3.37872240
 298   3.22236677
 299   3.24496679
 300   3.16150963
 301   3.25352068
 302   3.34491284
 303   3.27822356
 304   3.38325955
 305   3.28499152
 306   3.21382410
 307   3.38274260
 308   3.15195709
 309   3.30037603
 310   3.30849513
 311   3.40531531
 312   3.32364153
 313   3.22038762
 314   3.31918418
 315   3.35446846
 316   3.36926039
 317   3.22808843
 318   3.41826463
 319   3.40437878
 320   3.24716451
 321   3.49188933
 322   3.45467089
 323   3.24367575
 324   3.44305917
 325   3.31317031
 326   3.41573841
 327   3.36290990
 328   3.36416402
 329   3.39333327
 330   3.40652773
 331   3.26057849
 332   3.38329809
 333   3.41618286
 334   3.37703799
 335   3.38884802
 336   3.37830957
 337   3.40889252
 338   3.27560542
 339   3.33973993
 340   3.36761866
 341   3.22203932
 342   3.35479952
 343   3.40499266
 344   3.30872817
 345   3.34558923
 346   3.50404616
 347   3.39913382
 348   3.34703476
 349   3.34778774
 350   3.50693725
 351   3.23290783
 352   3.39994631
 353   3.40614037
 354   3.52447589
 355   3.29154327
 356   3.27829549
 357   3.36496567
 358   3.37300141
 359   3.28373375
 360   3.36973647
 361   3.39584430
 362   3.37712601
 363   3.25849863
 364   3.37653733
 365   3.21629748
 366   3.37289408
 367   3.28322491
 368   3.31966857
 369   3.26155401
 370   3.28023757
 371   3.27247871
 372   3.20266875
 373   3.18565725
 374   3.31301062
 375   3.52902856
 376   3.47074215
 377   3.39894000
 378   3.27429216
 379   3.22939037
 380   3.27250116
 381   3.24314302
 382   3.31609316
 383   3.36484771
 384   3.20559860
 385   3.55761084
 386   3.60572471
 387   3.37540143
 388   3.39192152
 389   3.35216561
 390   3.53635050
 391   3.22857454
 392   3.41386315
 393   3.26633348
 394   3.34705400
 395   3.28281960
 396   3.48665539
 397   3.24944953
 398   3.41626475
 399   3.35760027
 400   3.33056771
 401   3.44437137
 402   3.52105692
 403   3.58880008
 404   3.22772958
 405   3.47137315
 406   3.55436888
 407   3.27904052
 408   3.27136962
 409   3.41296310
 410   3.51928052
 411   3.57133981
 412   3.50852120
 413   3.33082019
 414   3.23608242
 415   3.43106815
 416   3.43985400
 417   3.63307799
 418   3.50640578
 419   3.22389865
 420   3.54321553
 421   3.27304548
 422   3.33272066
 423   3.59347234
 424   3.40119051
 425   3.33871014
 426   3.34794445
 427   3.46859693
 428   3.45419788
 429   3.35165975
 430   3.30736957
 431   3.51894003
 432   3.33641779
 433   3.57001021
 434   3.33601180
 435   3.35550234
 436   3.59961521
 437   3.32424785
 438   3.25320845
 439   3.38727693
 440   3.45648892
 441   3.44939527
 442   3.57416733
 443   3.41487249
 444   3.43147343
 445   3.42342427
 446   3.50572479
 447   3.29438860
 448   3.58732373
 449   3.33947244
 450   3.36180801
 451   3.48018859
 452   3.47920633
 453   3.48665562
 454   3.43910788
 455   3.45514866
 456   3.58989164
 457   3.44881610
 458   3.55294719
 459   3.37960001
 460   3.53514543
 461   3.41522420
 462   3.41496180
 463   3.52241400
 464   3.36103654
 465   3.34999307
 466   3.63949105
 467   3.42516632
 468   3.34362639
 469   3.41070443
 470   3.38986341
 471   3.53856993
 472   3.48351050
 473   3.55628134
 474   3.63851003
 475   3.40046567
 476   3.54231606
 477   3.45851520
 478   3.49593068
 479   3.53039399
 480   3.38913740
 481   3.44900855
 482   3.51166786
 483   3.56745084
 484   3.50899064
 485   3.50682467
 486   3.52558313
 487   3.47433019
 488   3.37361734
 489   3.42073023
 490   3.55093574
 491   3.38824534
 492   3.57413357
 493   3.54698729
 494   3.48582386
 495   3.32883392
 496   3.60023797
 497   3.48854243
 498   3.56625278
 499   3.36155042
 500   3.61660157
 501   3.33004843
 502   3.39856119
 503   3.50513359
 504   3.45456326
 505   3.60941869
 506   3.38160051
 507   3.54321514
 508   3.45518454
 509   3.64293935
 510   3.62788672
 511   3.63035726
 512   3.52499954
 513   3.48625061
 514   3.62935646
 515   3.63093694
 516   3.65467806
 517   3.42439814
 518   3.68988144
 519   3.48649865
 520   3.68133711
 521   3.46145152
 522   3.59934422
 523   3.57721883
 524   3.42944753
 525   3.56791400
 526   3.63859484
 527   3.51719076
 528   3.60665249
 529   3.54987896
 530   3.64316665
 531   3.60922460
 532   3.57401808
 533   3.32821886
 534   3.32414021
 535   3.56706770
 536   3.63652343
 537   3.61701182
 538   3.68342080
 539   3.52441810
 540   3.56932295
 541   3.66339347
 542   3.55805623
 543   3.67897153
 544   3.68687736
 545   3.35825177
 546   3.50492452
 547   3.60239108
 548   3.55254387
 549   3.60535967
 550   3.47171061
 551   3.54469163
 552   3.43874857
 553   3.58458807
 554   3.63448248
 555   3.73458793
 556   3.71397236
 557   3.72464301
 558   3.38172078
 559   3.66779771
 560   3.62166563
 561   3.59785336
 562   3.54365331
 563   3.61022960
 564   3.69552118
 565   3.38989484
 566   3.35748153
 567   3.60089272
 568   3.56639849
 569   3.48647117
 570   3.44032045
 571   3.61256602
 572   3.50141936
 573   3.33488767
 574   3.64794381
 575   3.52142633
 576   3.37574982
 577   3.43117201
 578   3.73281900
 579   3.79668531
 580   3.74132946
 581   3.77246645
 582   3.59242019
 583   3.73864280
 584   3.72756042
 585   3.61950029
 586   3.54447129
 587   3.33357542
 588   3.52129995
 589   3.41003722
 590   3.67885573
 591   3.75513055
 592   3.41899011
 593   3.71694322
 594   3.48541184
 595   3.52477864
 596   3.60689762
 597   3.57706182
 598   3.57856974
 599   3.56897149
 600   3.59289269
 601   3.66010217
 602   3.50566233
 603   3.79760564
 604   3.58752451
 605   3.51269884
 606   3.51657446
 607   3.69859695
 608   3.82307107
 609   3.41405075
 610   3.58555950
 611   3.60966293
 612   3.57621810
 613   3.56324225
 614   3.72276380
 615   3.62027335
 616   3.69432661
 617   3.65787958
 618   3.64936251
 619   3.52976263
 620   3.68897361
 621   3.74215836
 622   3.64596473
 623   3.45789315
 624   3.59916132
 625   3.75095334
 626   3.74037352
 627   3.85043879
 628   3.71079353
 629   3.44510765
 630   3.43709586
 631   3.85357308
 632   3.47081347
 633   3.65189154
 634   3.60030717
 635   3.68097878
 636   3.60038455
 637   3.78437112
 638   3.79050122
 639   3.46323664
 640   3.45606059
 641   3.58543616
 642   3.49189848
 643   3.58757236
 644   3.60903539
 645   3.68173093
 646   3.70803724
 647   3.69065703
 648   3.68524322
 649   3.83234299
 650   3.63646340
 651   3.65848552
 652   3.48720617
 653   3.60632483
 654   3.55483116
 655   3.42763104
 656   3.57312475
 657   3.69416307
 658   3.68156093
 659   3.85495730
 660   3.62190153
 661   3.83040637
 662   3.71705806
 663   3.69465814
 664   3.56478638
 665   3.76487193
 666   3.63805132
 667   3.58699173
 668   3.53076101
 669   3.81190263
 670   3.70936906
 671   3.81159614
 672   3.73731168
 673   3.61438595
 674   3.71784547
 675   3.70987460
 676   3.91352201
 677   3.44593238
 678   3.62623219
 679   3.69214322
 680   3.59167013
 681   3.62660101
 682   3.53391262
 683   3.69795947
 684   3.92036379
 685   3.76710880
 686   3.74378264
 687   3.82905854
 688   3.62694996
 689   3.81069407
 690   3.87680080
 691   3.60897223
 692   3.89138614
 693   3.59054115
 694   3.63110235
 695   3.74021710
 696   3.49326782
 697   3.73705117
 698   3.71645358
 699   3.67875195
 700   3.71735818
 701   3.75422343
 702   3.95608415
 703   3.78355120
 704   3.88408421
 705   3.72643750
 706   3.76883776
 707   3.50341959
 708   3.79697819
 709   3.52007454
 710   3.90661494
 711   3.58944655
 712   3.84384753
 713   3.61840912
 714   3.69117183
 715   3.61037072
 716   3.73821752
 717   3.78033212
 718   3.53377703
 719   3.51835824
 720   3.49230316
 721   3.62525317
 722   3.64513730
 723   3.74831113
 724   3.87263120
 725   3.86725263
 726   3.64517634
 727   3.92137325
 728   3.87747478
 729   3.68159772
 730   3.74206082
 731   3.78457355
 732   3.77661204
 733   3.80312988
 734   3.99591448
 735   3.76472321
 736   3.49179012
 737   3.69926325
 738   3.81271263
 739   3.72134617
 740   3.74190682
 741   3.68498016
 742   3.64149756
 743   3.77255788
 744   3.85381669
 745   3.85892676
 746   3.81348074
 747   3.96099076
 748   3.78530149
 749   3.49146065
 750   3.66625403
 751   4.00732262
 752   3.79462607
 753   3.91260766
 754   3.92932278
 755   3.70604194
 756   3.87702981
 757   3.64688156
 758   3.78526646
 759   3.95433444
 760   3.79853572
 761   3.93657460
 762   3.78227868
 763   3.77980090
 764   3.89768509
 765   3.59066006
 766   3.85000307
 767   3.89109850
 768   3.79337932
 769   3.74534615
 770   3.73750396
 771   3.78934252
 772   3.79465526
 773   3.82002816
 774   3.89196283
 775   3.91414035
 776   3.99756791
 777   3.86564261
 778   3.65576805
 779   3.83940213
 780   3.67547419
 781   3.86264262
 782   3.76705234
 783   3.89733950
 784   3.63792972
 785   3.95484722
 786   3.80027713
 787   3.90184702
 788   3.90520235
 789   3.57857907
 790   3.85514840
 791   3.50943456
 792   3.85971681
 793   3.70789682
 794   3.81397461
 795   3.94284653
 796   3.86267496
 797   3.67285849
 798   3.77696271
 799   3.90389529
 800   3.72770017
 801   3.79138458
 802   3.53813823
 803   3.79121630
 804   3.77730941
 805   3.64582744
 806   3.80253534
 807   3.74109206
 808   3.78376634
 809   3.96449791
 810   3.93282144
 811   3.84145894
 812   3.73596350
 813   4.02260018
 814   3.75367133
 815   3.78276357
 816   3.69808345
 817   3.91866940
 818   3.80816089
 819   4.00779593
 820   3.73888257
 821   3.90390982
 822   3.66812571
 823   3.73007575
 824   3.66943152
 825   3.82685987
 826   3.73397163
 827   3.72825523
 828   3.92328974
 829   3.86954577
 830   3.88397913
 831   3.66364374
 832   3.97226712
 833   4.07075740
 834   3.93541993
 835   3.74238716
 836   3.81418093
 837   3.95365551
 838   4.03937783
 839   3.61511289
 840   3.86635140
 841   3.99642744
 842   3.84450606
 843   3.78002072
 844   3.88181821
 845   3.81488945
 846   3.63220720
 847   3.74932792
 848   3.95146008
 849   3.66999372
 850   4.03991560
 851   3.89615085
 852   4.13743503
 853   4.07079942
 854   3.82315939
 855   3.68395853
 856   3.79423833
 857   3.71574042
 858   3.97643235
 859   4.01818495
 860   3.98604135
 861   3.72285733
 862   3.83956366
 863   3.79555452
 864   4.05776773
 865   3.80706347
 866   3.73905813
 867   3.85938412
 868   3.98050132
 869   3.88033333
 870   4.12275290
 871   3.65100987
 872   3.80991824
 873   3.83541243
 874   3.70409277
 875   3.85927617
 876   3.93640699
 877   3.67521108
 878   3.96425076
 879   3.86551281
 880   4.02664444
 881   3.97838017
 882   3.86921190
 883   3.72222151
 884   3.90899402
 885   3.65843802
 886   3.75413987
 887   3.79018594
 888   3.94537157
 889   3.80221945
 890   3.61839586
 891   3.98736811
 892   3.85186948
 893   4.19082080
 894   3.91262372
 895   3.98082035
 896   4.10748338
 897   3.73091339
 898   3.77709527
 899   3.75257386
 900   3.90615810
 901   3.83754298
 902   3.70965726
 903   3.86647115
 904   3.79875880
 905   4.13193869
 906   3.69534675
 907   3.97779481
 908   3.91026003
 909   3.78522553
 910   3.73932339
 911   3.87819424
 912   3.84236495
 913   3.67312078
 914   4.02263075
 915   3.82060570
 916   3.75218454
 917   3.78602779
 918   4.18839033
 919   4.23416613
 920   3.93769546
 921   4.02202675
 922   3.76082141
 923   3.82255043
 924   4.09796135
 925   3.83916378
 926   3.89078162
 927   3.97193535
 928   4.04708444
 929   3.85677970
 930   4.02211293
 931   3.72786187
 932   3.89167740
 933   3.91003182
 934   3.67702822
 935   4.12698798
 936   4.04991435
 937   3.94046095
 938   3.78625820
 939   3.92422427
 940   3.91920688
 941   4.02514826
 942   3.95383393
 943   3.95105152
 944   4.01107200
 945   4.01831906
 946   3.92101295
 947   4.03097940
 948   3.93417084
 949   4.19720501
 950   4.14426705
 951   3.97758540
 952   3.99457761
 953   3.81405875
 954   3.87047058
 955   3.88693266
 956   3.96476506
 957   4.13982512
 958   3.95847736
 959   3.85833511
 960   3.72823376
 961   4.08604730
 962   3.94031768
 963   3.88369542
 964   3.94152701
 965   3.94575214
 966   3.92764900
 967   3.92045874
 968   3.72265433
 969   4.13085733
 970   4.08390897
 971   3.94419896
 972   4.14823490
 973   4.08927477
 974   3.68863554
 975   4.07695833
 976   4.02817711
 977   3.99610676
 978   3.64869814
 979   4.11853365
 980   4.20555456
 981   3.94989074
 982   3.84334769
 983   3.97091248
 984   3.86732076
 985   4.07621543
 986   4.00112712
 987   4.14083919
 988   3.89557664
 989   4.07761744
 990   4.01847738
 991   4.09446235
 992   4.01290104
 993   3.88058259
 994   3.95809686
 995   4.26592317
 996   3.87041888
 997   4.10445821
 998   4.00967503
 999   3.72336070
1000   4.06618878
